5641
5641
5641
5641
5641
5641
5641
5641
5641
5641
5641
5641
5641
5641
5641
5641
5641
5641
5641
5641
5641
5641
5641
5641
5641
5641
5646
5646
5646
5646
5646
5646
5646
5646
5646
5646
5646
5646
5646
5646
5646
5646
5646
5646
5646
5646
5646
5646
5646
5646
5646
5646
5646
5646
5646
5646
5646
5646
5646
5646
5646
5646
5646
5646
5646
5646
5646
5646
5646
5646
5646
5646
5646
5646
5646
5646
5646
5646
5646
5646
5646
5646
5646
5646
5646
5646
5646
5646
5646
5646
5641
5646
5646
5646
5646
5658
5679
5776
5839
11080
